40
-326 950
-715 925
617 504
502 641
194 -111
-855 -168
-454 -724
-467 -392
108 242
168 793
-462 -915
-57 -624
436 396
-956 -94
-362 -502
975 699
115 981
-301 -277
-943 -843
499 769
278 955
-251 -882
262 -686
132 -487
-641 -224
-107 -744
430 455
-476 -972
87 379
-661 -509
347 291
922 527
742 892
-601 -846
414 105
665 -118
-305 37
-415 -865
556 438
-869 -296
-476 -972
262 -686
-251 -882
-107 -744
665 -118
132 -487
-57 -624
922 527
975 699
414 105
194 -111
617 504
556 438
436 396
742 892
347 291
430 455
502 641
-415 -865
499 769
0 0
108 242
87 379
278 955
168 793
115 981
-301 -277
-462 -915
-362 -502
-305 37
-454 -724
-326 950
-467 -392
-715 925
-641 -224
-661 -509
-855 -168
-956 -94
-869 -296
-601 -846
11
-476 -972
262 -686
665 -118
922 527
975 699
742 892
115 981
-715 925
-956 -94
-869 -296
-601 -846
